VLN <-
list(list(structure(c(113392512535.793, 121262002743.484, 131619100558.205, 
156790123456.79, 166476175214.43, 166529692695.364, 172290201607.575, 
198951782080.98, 35899994352.177, 40392724686.2775, 45925925925.9259, 
53195989771.207, 255749651056.979, 263740283493.37, 292093187926.301, 
292507917153.55, 66445829602.0171, 347489555922.866, 70371689090.1352, 
334215514311.493, 80158280348.4614, 377347853690.825, 78898077242.3719, 
410638622161.256, 17719652793.0664, 105098111851.332, 23323002929.7702, 
128314902312.768, 115114771473.936, 489171685780.716, 122555655284.406, 
589366619877.247), .Dim = c(8L, 4L)), structure(c(451851851851.852, 
505705575323.334, 492194043414.105, 581072019686.37, 667991826833.918, 
693674744703.551, 740787398707.176, 834478012726.421, 119146994115.962, 
148563894100.087, 179820985668.107, 199365117212.477, 950747519189.673, 
984488142546.328, 999270827537.305, 1119915704633.99, 227127626511.265, 
1259275195432.42, 244261440012.93, 1444774625158.38, 311249997555.828, 
1469350653643.31, 331609923334.663, 1653116714743.5, 83249626583.8883, 
389112432047.96, 90988772673.1243, 484365522002.345, 447508915627.477, 
2347195823345.95, 477659608498.403, 2481151847392.36), .Dim = c(8L, 
4L)), structure(c(883912854208.746, 1071616841717.5, 1146962583472.21, 
1282130868680.44, 1492453923637.2, 1595774738264.41, 2014721933280.64, 
1742600445427.09, 289537923054.828, 407420749050.243, 384075756114.435, 
476981651005.541, 2565438122871.62, 2353969910971.85, 2667460908708.75, 
2778848657869.74, 684643200211.252, 2897974921027.01, 643840896224.97, 
3209876543209.88, 732992373565.457, 4001428106375.89, 814797703072.796, 
3973784484072.55, 178617672302.818, 992359809354.242, 249113464426.087, 
1107701637369.66, 976531175342.799, 5386959391503.12, 1080763433758.4, 
5455847824300.28), .Dim = c(8L, 4L))), list(structure(c(100131884609.748, 
103840984128.701, 91809505244.4856, 121500787481.583, 148296052550.147, 
136199168955.857, 133310954358.995, 139826505894.341, 71899947501.2278, 
66614541883.0934, 110115328616.54, 91874187583.3005, 191982929431.489, 
185230657945.61, 202624938610.307, 236351222037.861, 52802474162.7088, 
323148526011.762, 65460995490.6848, 309485951463.246, 58182383522.9898, 
296485969279.751, 46377806594.2541, 324598812657.911, 39700290760.8224, 
169639915291.469, 32846119161.0987, 235835689653.451, 86049382716.0494, 
509114631537.646, 91376599849.8785, 398945555234.001), .Dim = c(8L, 
4L)), structure(c(392583875006.415, 404948338702.861, 358322521220.876, 
444869955212.176, 630193635052.778, 496655647582.123, 538810660779.941, 
493590802845.139, 266649731578.858, 324821989770.104, 288761169205.426, 
276575365036.276, 677456176046.487, 791438842822.792, 753593345704.543, 
846904741179.359, 192775892968.536, 1005915288851.79, 199292655261.507, 
1241819354763.34, 188293762483.218, 1236465072450, 227531074947.415, 
1325881546650.83, 200638982517.836, 691049995315.135, 160036579789.666, 
834558492852.452, 379706810255.358, 1580077562702.16, 346046375945.062, 
1343686208076.58), .Dim = c(8L, 4L)), structure(c(889559892362.479, 
967770675808.858, 1082658379419.6, 991980994084.072, 996907447275.064, 
1285474775186.71, 1258569626796.47, 1317121294221.5, 874238031163.526, 
668847253282.736, 832194836267.086, 778736382595.373, 1648220401109.91, 
1716201798506.32, 1944858318758.61, 1989048913895.78, 511253156773.544, 
1856109171343.41, 596693764651.799, 3166634835540.27, 572245712074.356, 
2468494764430.11, 593659503124.524, 3481821791217.02, 390115934847.168, 
2026166561914.4, 445503117507.867, 1957562267181.63, 901220243828.071, 
4107147670749.5, 1016501553923.27, 3711281354124.16), .Dim = c(8L, 
4L))), list(structure(c(9056824049.38578, 8882832393.98998, 12812079708.9395, 
13356071373.5059, 14482871980.1879, 16398106708.064, 16998441851.7536, 
17345069495.1661, 1308395475.69721, 1949208141.60326, 2011630666.13656, 
2726387083.33468, 33844264932.5137, 39026550633.6911, 44803986600.8006, 
46580721185.5532, 7820845502.2895, 9817699424.77152, 8910602562.38731, 
15444698708.0734, 12882414342.2213, 18945800171.1122, 13155176209.5886, 
19394388595.0062, 1360002064.97002, 2370258278.88756, 1928261440.16801, 
2910380112.79867, 27109743708.1722, 52594528696.5781, 28691372809.2144, 
50440932071.8422), .Dim = c(8L, 4L)), structure(c(33901683243.1906, 
39346362060.8873, 40233572494.4067, 45854409516.2076, 50526013543.6768, 
57772540731.4743, 60124841949.1789, 63594933093.7687, 5884945646.16605, 
7488442801.49205, 8048730819.70634, 10134761225.806, 143210283799.913, 
144139612863.893, 153891604235.023, 159198388188.499, 27926692127.2744, 
46586438261.0342, 37401580704.4735, 52055954389.369, 38638530679.1669, 
67536114074.7515, 47744798733.1481, 68435384087.3894, 5549130997.98197, 
8124415096.165, 7098917847.88904, 10856256432.5403, 92728906797.5331, 
169027970512.892, 103703631738.555, 178158220028.354), .Dim = c(8L, 
4L)), structure(c(75737569258.3424, 89880457122.6485, 97786441680.2523, 
96078957069.1089, 115317611259.441, 132374588029.719, 141014634613.325, 
145462992532.472, 13759313508.8144, 16417061587.7733, 19463121248.7822, 
23238065319.5584, 282649860418.678, 324605092574.741, 343341611840.155, 
366072744513.233, 69939092944.2363, 107412474940.879, 83907620540.0071, 
115546974978.644, 99483303501.7928, 146227709190.672, 118628025700.329, 
170480264056.705, 11614760622.5338, 17165401829.0979, 16848028133.9879, 
24108560959.7607, 230544124371.285, 402890254985.972, 246364883401.92, 
436929906926.012), .Dim = c(8L, 4L))), list(structure(c(192915563731.529, 
203881552518.76, 224699091453.805, 215654795170.113, 208761847389.026, 
267163805577.665, 264184796050.251, 252264257763.61, 69163983361.7582, 
73229721782.5273, 66418104239.149, 97983112247.9451, 300887220688.138, 
307140394888.54, 294440982594.37, 397747748383.593, 118650444943.298, 
351921718904.251, 138610842225.417, 405948665978.067, 122495569275.032, 
473360169825.205, 152170824583.09, 475216251662.932, 47554742671.3408, 
144502906590.811, 63588800028.6496, 158983177708.542, 146915461923.337, 
600416328980.593, 169764094226.829, 671982798597.672), .Dim = c(8L, 
4L)), structure(c(774637448346.319, 741384088490.994, 878022688873.662, 
837204246026.896, 1054468927360.85, 898962992479.024, 1078187418735.1, 
1074921806890.16, 230563630435.338, 266358930352.541, 297364393622.563, 
368504762990.867, 1159512533323.85, 1217497332723.67, 1160295168723.43, 
1271503771421.76, 422183096696.893, 1476866167919.34, 448773052888.279, 
1637352029670.27, 556327863205.2, 1685902965449.68, 506187911661.496, 
1919067215363.51, 147094212894.124, 575632140194.063, 252826062419.32, 
690087893105.726, 566238918512.637, 2469206823652.7, 705086361174.534, 
2498552049992.38), .Dim = c(8L, 4L)), structure(c(1872140502573.34, 
1762770990152.77, 1992373120556, 2010630025759.37, 2251486053955.19, 
2415692066461.91, 2592309701192.64, 2445455309732.66, 585320491630.788, 
661859087725.319, 767393871113.997, 933265552168.936, 2945158677722.11, 
2859941639030.09, 2917473458663.67, 3212924859015.39, 1014022396295.18, 
3822428711396.82, 987782122005.041, 4310759918176.37, 1212636962522.65, 
3871575767701.48, 1182136869379.67, 4011666986347.11, 372997859697.606, 
1182678536653.23, 558373118895.095, 1430912428641.97, 1372622760279.46, 
5418280854010.28, 1499209485536.53, 6094140605058.21), .Dim = c(8L, 
4L))))
